0.13211223485942586 0.18571962642423806
0.13211223485942586 0.18571962642423806
0.1359323493785368 0.15331013860104203
0.1359323493785368 0.15331013860104203
0.13653074169429294 0.14747315070698472
0.13423275875522472 0.14737823641235878
0.13423275875522472 0.14737823641235878
0.13433613486217222 0.13812515790900134
0.13433613486217222 0.13812515790900134
0.1312108059139296 0.13844277887985826
0.1312108059139296 0.13844277887985826
0.13084102740327944 0.13879050990656858
0.13084102740327944 0.13879050990656858
0.13327208387484407 0.1389205608264718
0.13096194852803641 0.14066395725727243
0.13096194852803641 0.14066395725727243
0.1316534827996751 0.13829142127201524
0.1316534827996751 0.13829142127201524
0.13143560803759213 0.13856688834782996
0.13143560803759213 0.13856688834782996
0.13238316369859116 0.1341155833113986
0.13238316369859116 0.1341155833113986
0.13334244431307385 0.14013469934915526
0.13278506421380862 0.13671792328992924
0.13278506421380862 0.13671792328992924
0.13214065486372298 0.14005743886368777
0.13214065486372298 0.14005743886368777
0.1305401365060286 0.13690375641990182
0.1305401365060286 0.13690375641990182
0.13244748285654845 0.13282825162094472
0.13244748285654845 0.13282825162094472
0.13115533198542034 0.15760065505047108
0.13082701036286032 0.17233431461756687
0.13082701036286032 0.17233431461756687
0.13133997139008827 0.18575788555623038
0.13133997139008827 0.18575788555623038
0.13220124457642435 0.19974337851862892
0.13220124457642435 0.19974337851862892
0.13228606596430498 0.19908419071954928
0.13228606596430498 0.19908419071954928
0.12929284500827634 0.1826263749773708
0.12804170474543639 0.1501560184307399
0.12804170474543639 0.1501560184307399
0.12850471698292976 0.12552865675972633
0.12850471698292976 0.12552865675972633
0.12739857729246398 0.1300667139592821
0.12739857729246398 0.1300667139592821
0.1241447468763486 0.10878465287256939
0.1241447468763486 0.10878465287256939
0.12005663054581027 0.11689305848708914
0.12005663054581027 0.11689305848708914
0.11885714749267885 0.13051693649454035
0.11885714749267885 0.13051693649454035
0.1166343806112167 0.14014332209557748
0.11717233006421109 0.1327266595228808
0.11717233006421109 0.1327266595228808
0.1165545099832597 0.12228045657384402
0.1165545099832597 0.12228045657384402
0.11690270365434169 0.12398584328424986
0.11690270365434169 0.12398584328424986
0.1165129807572153 0.1184319409816604
0.1165129807572153 0.1184319409816604
0.11550380986045033 0.12149074495901482
0.11550380986045033 0.12149074495901482
0.1146875866436124 0.12138839384212691
0.1141353102502438 0.12433336804095332
0.1141353102502438 0.12433336804095332
0.11324808308625418 0.1302548649977603
0.11324808308625418 0.1302548649977603
0.11270464853383726 0.1368358582073629
0.11270464853383726 0.1368358582073629
0.11198353560507533 0.14616272717583625
0.11198353560507533 0.14616272717583625
0.1113031130674967 0.16026566240227907
0.1113031130674967 0.16026566240227907
0.11150280945227417 0.16204736641405473
0.11150280945227417 0.16204736641405473
0.11035996775449969 0.17313639414259588
0.11189169348185067 0.15582015193585216
0.11189169348185067 0.15582015193585216
0.11364025613986589 0.14636834852103978
0.11364025613986589 0.14636834852103978
0.11549313897037818 0.12973860843281043
0.11549313897037818 0.12973860843281043
0.11476404857468053 0.12682289989082035
0.11476404857468053 0.12682289989082035
0.11104101588194193 0.13480552349164915
0.11303256563732571 0.09710114937144444
0.11303256563732571 0.09710114937144444
0.11157963248670719 0.08630933523737601
0.11157963248670719 0.08630933523737601
0.11217144906572184 0.0770436421769534
0.11217144906572184 0.0770436421769534
0.11142700643108427 0.09309160507266061
0.11142700643108427 0.09309160507266061
0.11175555449979957 0.09947333769761359
0.11286819257627426 0.08868714910339028
0.11286819257627426 0.08868714910339028
0.11333969184406312 0.07343866031582884
0.11333969184406312 0.07343866031582884
0.11348016104092043 0.08715258811797996
0.11348016104092043 0.08715258811797996
0.11385290836304221 0.09067021185487656
0.11289082022864905 0.0775573023520565
0.11289082022864905 0.0775573023520565
0.11200240340558447 0.08412335877888938
0.11200240340558447 0.08412335877888938
0.11033452941045609 0.09670042924511656
0.11033452941045609 0.09670042924511656
0.10705427519380026 0.0953797024693953
0.10705427519380026 0.0953797024693953
0.10842829437415386 0.07578973400996054
0.10842829437415386 0.07578973400996054
0.10773012695197673 0.07726221204367933
0.10646994167901336 0.08606038666188635
0.10646994167901336 0.08606038666188635
0.10782952151459411 0.0774073289377047
0.10782952151459411 0.0774073289377047
0.10620758898563384 0.10125692189789982
0.10620758898563384 0.10125692189789982
0.10512022870044595 0.09603401503330021
0.10512022870044595 0.09603401503330021
0.10584431875652922 0.08776775862146648
0.10584431875652922 0.08776775862146648
0.10514541957660774 0.08843795625417182
0.10464333160908347 0.08888263851460974
0.10464333160908347 0.08888263851460974
0.10484911834190819 0.09236201835374182
0.10484911834190819 0.09236201835374182
0.10389798542138969 0.10685315427244559
0.10389798542138969 0.10685315427244559
0.1047436170116058 0.09462229912247941
0.1047436170116058 0.09462229912247941
0.10354788918345247 0.10899102769603758
0.10354788918345247 0.10899102769603758
0.10312132538645592 0.11327156266710744
0.10312132538645592 0.11327156266710744
0.10399160285481988 0.09645360370158779
0.10504296022909314 0.09466917321442359
0.10504296022909314 0.09466917321442359
0.10308742718260512 0.10418533620456981
0.10308742718260512 0.10418533620456981
0.10359195045811317 0.09922271663223528
0.10359195045811317 0.09922271663223528
0.10115458580208035 0.1198979699431293
0.10115458580208035 0.1198979699431293
0.09997623635712809 0.11977753727210101
0.09997623635712809 0.11977753727210101
0.10111929120332275 0.10738664881072689
0.10004085906201127 0.10717648523189471
0.10004085906201127 0.10717648523189471
0.0984947324694218 0.1061920351844613
0.0984947324694218 0.1061920351844613
0.09747342441270083 0.11855010677516799
0.09747342441270083 0.11855010677516799
0.09708892878411353 0.1172706999974465
0.09708892878411353 0.1172706999974465
0.09683484824614827 0.1105968874017534
0.0966985205938993 0.1127806032542477
0.0966985205938993 0.1127806032542477
0.09732836303272661 0.10587597354362807
0.09732836303272661 0.10587597354362807
0.09648539853105084 0.11257553978799745
0.09648539853105084 0.11257553978799745
0.09582559642004992 0.11932649811776026
0.09582559642004992 0.11932649811776026
0.09569193370929073 0.1111658838394972
0.09584402038640057 0.09938480243324602
0.09584402038640057 0.09938480243324602
0.09619970620755085 0.09339870346623172
0.09619970620755085 0.09339870346623172
0.09626620042263774 0.08095864843712659
0.09626620042263774 0.08095864843712659
0.09383085100299542 0.09853146554787008
0.09383085100299542 0.09853146554787008
0.09391074217190319 0.09361839287781863
0.09426058503539649 0.09488265876350961
0.09426058503539649 0.09488265876350961
0.09292744182312955 0.09486033180884461
0.09292744182312955 0.09486033180884461
0.09188088424185654 0.0939992661328766
0.09188088424185654 0.0939992661328766
0.09184878100924099 0.09368575269128424
0.09184878100924099 0.09368575269128424
0.09297093897243668 0.07067174008609459
0.09205321742447681 0.08515144197471973
0.09205321742447681 0.08515144197471973
0.09099555039298442 0.08708037744244024
0.09099555039298442 0.08708037744244024
0.0908250934245618 0.06961584165862533
0.0908250934245618 0.06961584165862533
0.09329534366851869 0.07237315008053587
0.09329534366851869 0.07237315008053587
0.09327856887601041 0.06973732128641887
0.09327856887601041 0.06973732128641887
0.09222190996005446 0.08070917852263133
0.09222190996005446 0.08070917852263133
0.09077338777776092 0.0927577460162857
0.09107988910406294 0.08064649420052633
0.09107988910406294 0.08064649420052633
0.09035663715481256 0.0733799587692272
0.09035663715481256 0.0733799587692272
0.08970418029808935 0.07531101592299773
0.08970418029808935 0.07531101592299773
0.09001952623263876 0.08090528765415411
0.09001952623263876 0.08090528765415411
0.09051595985994576 0.08317264162866612
0.09051595985994576 0.08317264162866612
0.09054736744727286 0.08420590113682765
0.09072406742129299 0.0839864051697473
0.09072406742129299 0.0839864051697473
0.09036900552169254 0.0833020212155012
0.09036900552169254 0.0833020212155012
0.09178844769931069 0.07155966894177372
0.09178844769931069 0.07155966894177372
0.09027950968232099 0.07918976131012911
0.09027950968232099 0.07918976131012911
0.09177891663040284 0.06510520940567403
0.09177891663040284 0.06510520940567403
0.09141946679680307 0.06394121716334414
0.09150035957131575 0.06396634717664072
0.09150035957131575 0.06396634717664072
0.09226423167020366 0.06382240419200341
0.09226423167020366 0.06382240419200341
0.09170268008986822 0.06618074613676238
0.09170268008986822 0.06618074613676238
0.09049733105746718 0.07989793363840017
0.09049733105746718 0.07989793363840017
0.09181930251613771 0.06744177344763214
0.0904622535239988 0.07437303037434562
0.0904622535239988 0.07437303037434562
0.08989097348600561 0.07136730654810983
0.08989097348600561 0.07136730654810983
0.08865684909891106 0.08611645783004947
0.08865684909891106 0.08611645783004947
0.09114685258728736 0.056714496926079314
0.09114685258728736 0.056714496926079314
0.09044760311831261 0.06765681690758324
0.09012372461171045 0.06104834603623377
0.09012372461171045 0.06104834603623377
0.09035327486592505 0.06316401589944046
0.09035327486592505 0.06316401589944046
0.0906637615135015 0.07819499959026895
0.0906637615135015 0.07819499959026895
0.09157467550950357 0.06785671731946309
0.09157467550950357 0.06785671731946309
0.0906357606937289 0.07826034436869295
0.09092610637866351 0.07590896775461405
0.09092610637866351 0.07590896775461405
0.09127947379467709 0.0755477925925844
0.09127947379467709 0.0755477925925844
0.0923817514831669 0.06051487654996321
0.0923817514831669 0.06051487654996321
0.09277215192857134 0.07165796794393821
0.09277215192857134 0.07165796794393821
0.09215669170379565 0.07463477676118889
0.09215669170379565 0.07463477676118889
0.09203774233698088 0.07395018711622724
0.09252823049766318 0.08337776054274289
0.09252823049766318 0.08337776054274289
0.09189645084798333 0.09218490017442325
0.09189645084798333 0.09218490017442325
0.09395568072047238 0.09116189782947533
0.09395568072047238 0.09116189782947533
0.09382759435459108 0.10013126151955938
0.09382759435459108 0.10013126151955938
0.09352783056623575 0.09141078067204811
0.09352783056623575 0.09141078067204811
0.09526220597115143 0.08716095064668813
0.09388929013568473 0.09416106317562348
0.09388929013568473 0.09416106317562348
0.09456600942455465 0.08932171414254961
0.09456600942455465 0.08932171414254961
0.0927623528002987 0.08421659281848927
0.0927623528002987 0.08421659281848927
0.08891427369983938 0.09502986686293664
0.08891427369983938 0.09502986686293664
0.08420159128706765 0.11148194537223591
0.08420159128706765 0.11148194537223591
0.08414859140120544 0.11128748247118057
0.08414859140120544 0.11128748247118057
0.08481124817441563 0.08571827935784755
0.0824038572608052 0.08749534342235908
0.0824038572608052 0.08749534342235908
0.08197466356023236 0.0713705296122362
0.08197466356023236 0.0713705296122362
0.0802942131324599 0.07707144025174753
0.0802942131324599 0.07707144025174753
0.07930723702018991 0.06397066768765433
0.07930723702018991 0.06397066768765433
0.07927949958138053 0.03833012671821269
0.07927949958138053 0.03833012671821269
0.0781243565642401 0.05296520953358642
0.07753296556730349 0.08125263876677213
0.07753296556730349 0.08125263876677213
0.07636161328193533 0.08247593753442503
0.07636161328193533 0.08247593753442503
0.0742458167489342 0.08321384885439388
0.0742458167489342 0.08321384885439388
0.07487517607448838 0.03970917457082804
0.07487517607448838 0.03970917457082804
0.07144964374965387 0.0802036954138016
0.07160650120230239 0.05769280158226181
0.07160650120230239 0.05769280158226181
0.06732563534633022 0.04721210766585922
0.06732563534633022 0.04721210766585922
0.06459091885008562 0.05789279978352733
0.06459091885008562 0.05789279978352733
0.060935919190406036 0.06836396576573102
0.060935919190406036 0.06836396576573102
0.05939209012349364 0.05425326152346077
0.05698847856074901 0.0605932477707788
0.05698847856074901 0.0605932477707788
0.054403963211808064 0.06388326326518844
0.054403963211808064 0.06388326326518844
0.05292281801051923 0.0628903539338023
0.05292281801051923 0.0628903539338023
0.05051977244652462 0.05915214000922759
0.05051977244652462 0.05915214000922759
0.04806894750168449 0.062445741422239735
0.04598248720207972 0.04815386882997663
0.04598248720207972 0.04815386882997663
0.04428098818011822 0.027653258953833408
0.04428098818011822 0.027653258953833408
0.04024954261374058 0.05333049658179125
0.04024954261374058 0.05333049658179125
0.03773375426002752 0.029344094736658187
0.03773375426002752 0.029344094736658187
0.034953491104025854 0.01970990340763003
0.03320256979688519 0.026666655280006026
0.03320256979688519 0.026666655280006026
0.030563687765840467 0.015299248027970365
0.030563687765840467 0.015299248027970365
0.02738875438609835 0.02395072083996403
0.02738875438609835 0.02395072083996403
0.02588128334193868 0.023959400282927073
0.02588128334193868 0.023959400282927073
0.025568268953517787 0.021021356794064437
0.025568268953517787 0.021021356794064437
0.024170241602137387 0.028689191726290503
0.024170241602137387 0.028689191726290503
0.02248459228138157 0.053824248065166266
0.021633445076074176 0.031817111163900444
0.021633445076074176 0.031817111163900444
0.020554078287247455 0.01744115957549712
0.020554078287247455 0.01744115957549712
0.018910262276145496 0.03714973903596235
0.018910262276145496 0.03714973903596235
0.01891502538744359 0.051454408322887696
0.01891502538744359 0.051454408322887696
0.018086949246435387 0.040765050264219636
0.018086949246435387 0.040765050264219636
0.016987780382427358 0.04054896674851818
0.016401173998536713 0.0593856702566875
0.016401173998536713 0.0593856702566875
0.016619707354334008 0.03828304028802466
0.016619707354334008 0.03828304028802466
0.016833182442126456 0.053190494125894903
0.016833182442126456 0.053190494125894903
0.016633322758966566 0.048564127097803174
0.016633322758966566 0.048564127097803174
0.01591760922641807 0.052371076482455196
0.01591760922641807 0.052371076482455196
0.015179747932954821 0.03657046217131672
0.014163216623147441 0.04777479915861455
0.014163216623147441 0.04777479915861455
0.013464937973622698 0.04207269901954063
0.013464937973622698 0.04207269901954063
0.012514331041851106 0.042754636949820075
0.012514331041851106 0.042754636949820075
0.011109625794932312 0.04994027151792768
0.011109625794932312 0.04994027151792768
0.009736170887463537 0.050375330458145795
0.00898275896975673 0.04183144600412574
0.00898275896975673 0.04183144600412574
0.00870600750653836 0.06338170657189778
0.00870600750653836 0.06338170657189778
0.008806709544195108 0.058262926859179505
0.008806709544195108 0.058262926859179505
0.00958630450195765 0.04717777316488312
0.00958630450195765 0.04717777316488312
0.010381251794484321 0.013500227026136026
0.010822414946839894 0.005241660705943388
0.010822414946839894 0.005241660705943388
0.010888214720628928 0.0310259386198492
0.010888214720628928 0.0310259386198492
0.011070373430511374 0.0275084859837936
0.011070373430511374 0.0275084859837936
0.01120438330453799 0.018361694814017733
0.01120438330453799 0.018361694814017733
0.011200951394664722 0.006049823631753109
0.011533475694760058 0.0051072605043485176
0.011533475694760058 0.0051072605043485176
0.011602237126839351 0.012600279817341806
0.011602237126839351 0.012600279817341806
0.011880725943738107 0.01824840757606034
0.011880725943738107 0.01824840757606034
0.012100341208333533 0.014757325947025413
0.012100341208333533 0.014757325947025413
0.012076333443146636 0.022895949036905738
0.012076333443146636 0.022895949036905738
0.011792556740846805 0.01515153551780665
0.012015865853905884 0.017845054878317616
0.012015865853905884 0.017845054878317616
0.01289344502605616 0.02533904101216019
0.01289344502605616 0.02533904101216019
0.01289133369981829 0.021846448576853836
0.01289133369981829 0.021846448576853836
0.0128764970670499 0.012012504546994455
0.0128764970670499 0.012012504546994455
0.012568406516848232 0.016648436258090517
0.012568406516848232 0.016648436258090517
0.01285563813157776 0.018939633306623356
0.012948577589682198 0.014305428197118329
0.012948577589682198 0.014305428197118329
0.012884337179532574 0.014161736166939302
0.012884337179532574 0.014161736166939302
0.012935592112092479 0.03995462753510369
0.012935592112092479 0.03995462753510369
0.013171760446883389 0.03271686031612839
0.013171760446883389 0.03271686031612839
0.013498228057695088 0.027458163335379777
0.013498228057695088 0.027458163335379777
0.013806674256339935 0.026173481497835355
0.013806674256339935 0.026173481497835355
0.01386986676477193 0.027826494056127964
0.013854666362080688 0.027707504645392955
0.013854666362080688 0.027707504645392955
0.013241971085660898 0.02928845037345919
0.013241971085660898 0.02928845037345919
0.013118339072279989 0.017446464094169188
0.013118339072279989 0.017446464094169188
0.012609938085354237 0.024056781528773833
0.012609938085354237 0.024056781528773833
0.01230892465003912 0.011930405322583318
0.012267330282530171 0.021674623151582098
0.012267330282530171 0.021674623151582098
0.01181521369645096 0.014159754872329837
0.01181521369645096 0.014159754872329837
0.011626725294744903 0.02924364727486258
0.011626725294744903 0.02924364727486258
0.011113652592601542 0.017655730835559075
0.011113652592601542 0.017655730835559075
0.010873748850313246 0.012913964076251385
0.010340109798050506 0.02242259052071681
0.010340109798050506 0.02242259052071681
0.010479997134109895 0.016622816564778504
0.010479997134109895 0.016622816564778504
0.010396426352896037 0.017053229536450443
0.010396426352896037 0.017053229536450443
0.010422988970669766 0.02132587482715167
0.010422988970669766 0.02132587482715167
0.010335121953008532 0.02648041847767157
0.010285550134183544 0.017624630331493744
0.010285550134183544 0.017624630331493744
0.009987571603757007 0.009505253346844919
0.009987571603757007 0.009505253346844919
0.01014844083568552 0.016809882861429017
0.01014844083568552 0.016809882861429017
0.010339157802567568 0.009892131561944613
0.010339157802567568 0.009892131561944613
0.01035140814381612 0.012127757800435271
0.010554833217711527 0.04706381511723874
0.010554833217711527 0.04706381511723874
0.010971451232998967 0.07317514132251593
0.010971451232998967 0.07317514132251593
0.011415123396696139 0.08227866829350457
0.011415123396696139 0.08227866829350457
0.011712593347836583 0.11162216021187225
0.011712593347836583 0.11162216021187225
0.012064507126942198 0.13048575378496108
0.012064507126942198 0.13048575378496108
0.012482736060650989 0.15696931393248648
0.013205957162342241 0.18592070577903777
0.013205957162342241 0.18592070577903777
0.013581277447067074 0.19726279315891704
0.013581277447067074 0.19726279315891704
0.014167553701693092 0.22144216879888912
0.014167553701693092 0.22144216879888912
0.015479112319114917 0.24214081098334228
0.015479112319114917 0.24214081098334228
0.016413466087259874 0.2527217455316974
0.016413466087259874 0.2527217455316974
0.0165757181644515 0.25746861279957295
0.0165757181644515 0.25746861279957295
0.01699327541557844 0.2641412346887282
0.016813928634944235 0.2680779850171617
0.016813928634944235 0.2680779850171617
0.017409125303448743 0.2786170402586186
0.017409125303448743 0.2786170402586186
0.018965866858504467 0.2934209324147932
0.018965866858504467 0.2934209324147932
0.019347303297712993 0.29908188466352587
0.019347303297712993 0.29908188466352587
0.021723514959494296 0.3139042610734923
0.021723514959494296 0.3139042610734923
0.022995721253397414 0.3215453555774132
0.024261948791164147 0.3302902248914918
0.024261948791164147 0.3302902248914918
0.024714202227747784 0.3308491128586157
0.024714202227747784 0.3308491128586157
0.02549594734754524 0.33472372898943387
0.02549594734754524 0.33472372898943387
0.025486051158498217 0.3368354725710323
0.025486051158498217 0.3368354725710323
0.025802578102120208 0.3365654829003264
0.025802578102120208 0.3365654829003264
0.02508646576929476 0.3314203283186442
0.024658776782778793 0.3228691781314574
0.024658776782778793 0.3228691781314574
0.022165087511888164 0.30131671656739806
0.022165087511888164 0.30131671656739806
0.019512164214749092 0.26566186389139596
0.019512164214749092 0.26566186389139596
0.018170831955017962 0.24253711171818837
0.018170831955017962 0.24253711171818837
0.0163583580250679 0.2097053040539275
0.013658256652047377 0.16852279601701553
0.013658256652047377 0.16852279601701553
0.012635851864660203 0.14053672943688017
0.012635851864660203 0.14053672943688017
0.011248681963255408 0.11580867326581733
0.011248681963255408 0.11580867326581733
0.009264796082949238 0.07755355047514641
0.009264796082949238 0.07755355047514641
0.007425964702960779 0.04598128326317159
0.007020209322331491 0.053935488556415945
0.007020209322331491 0.053935488556415945
0.006496321323393086 0.07201161008597781
0.006496321323393086 0.07201161008597781
0.005940909344863185 0.0661196787554532
0.005940909344863185 0.0661196787554532
0.0057541045410508 0.08571474006584154
0.0057541045410508 0.08571474006584154
0.005602719273929901 0.08584126197920719
0.005424786450347287 0.11537420804254724
0.005424786450347287 0.11537420804254724
0.0054867419378701815 0.12866036661268315
0.0054867419378701815 0.12866036661268315
0.005367643068356884 0.15254471951689352
0.005367643068356884 0.15254471951689352
0.005340409859987456 0.1669823984252767
0.005340409859987456 0.1669823984252767
0.0055101587890317525 0.18634144282679632
0.0055101587890317525 0.18634144282679632
0.005749012047366252 0.21367459000979344
0.0057611506842431505 0.241016399248554
0.0057611506842431505 0.241016399248554
0.005963050109144463 0.2664018104507704
0.005963050109144463 0.2664018104507704
0.005497046794187947 0.2846570202052463
0.005497046794187947 0.2846570202052463
0.006986965118176638 0.30017256138399756
0.006986965118176638 0.30017256138399756
0.009634085367558193 0.31800619090017274
0.009634085367558193 0.31800619090017274
0.010900025909030251 0.3380369382353227
0.01148234753611254 0.3475211852432829
0.01148234753611254 0.3475211852432829
0.0127703492608162 0.36197278097023744
0.0127703492608162 0.36197278097023744
0.012846572350243782 0.37140492680473375
0.012846572350243782 0.37140492680473375
0.012925377595274228 0.38037592533813597
0.012925377595274228 0.38037592533813597
0.013896381262891996 0.38368814371216153
0.013896381262891996 0.38368814371216153
0.014186622077801102 0.38353640703021463
0.014186622077801102 0.38353640703021463
0.01282411135767373 0.3935493524592223
0.01357875060130535 0.40228919289069487
0.01357875060130535 0.40228919289069487
0.014709333183510823 0.4130904345829778
0.014709333183510823 0.4130904345829778
0.015019409940180401 0.4221540384303749
0.015019409940180401 0.4221540384303749
0.01423336556036066 0.4184865834695097
0.01423336556036066 0.4184865834695097
0.01335587634444738 0.4180753892754001
0.013660275913915781 0.42733549751766725
0.013660275913915781 0.42733549751766725
0.017673764307523293 0.41352187133313817
0.017673764307523293 0.41352187133313817
0.018808346768120817 0.342221242555075
0.014808363990581412 0.3026071041247112
0.014808363990581412 0.3026071041247112
0.01672769436749585 0.26177914829098886
0.01672769436749585 0.26177914829098886
0.01551794768891581 0.2234655615536921
0.01551794768891581 0.2234655615536921
0.015759874866269848 0.20236080519569905
0.015759874866269848 0.20236080519569905
0.0144381058702442 0.19323882231148823
0.0144381058702442 0.19323882231148823
0.013942752759306298 0.17410871041380208
0.013304257812000026 0.16554570701737495
0.013304257812000026 0.16554570701737495
0.013433919461444632 0.15828421041897847
0.013433919461444632 0.15828421041897847
0.013575138372120132 0.1503617586351935
0.013575138372120132 0.1503617586351935
0.01347643828839566 0.14673141027954154
0.01347643828839566 0.14673141027954154
0.014045816808709182 0.13178689085221926
0.014045816808709182 0.13178689085221926
0.014382214158768137 0.12132408125622589
0.014382214158768137 0.12132408125622589
0.014459661131874883 0.12106805397004215
0.01390197313244785 0.12225946726233715
0.01390197313244785 0.12225946726233715
0.013617582949691398 0.12420201822152016
0.013617582949691398 0.12420201822152016
0.013931099697913426 0.1337337295525605
0.013931099697913426 0.1337337295525605
0.015071208614351897 0.12482618984065759
0.015071208614351897 0.12482618984065759
0.01686556156423584 0.11078381818475215
0.01686556156423584 0.11078381818475215
0.016987192696890013 0.1101823464957443
0.017496119445071522 0.1141448273868268
0.017496119445071522 0.1141448273868268
0.017364864715264414 0.1072998899811874
0.017364864715264414 0.1072998899811874
0.018607050564494708 0.09725744966570823
0.018607050564494708 0.09725744966570823
0.020324212796276178 0.1080405829994928
0.020324212796276178 0.1080405829994928
0.019991767170336423 0.1090041636342888
0.01895481682518335 0.11154266337550606
0.01895481682518335 0.11154266337550606
0.01835987910573842 0.10364906166362335
0.01835987910573842 0.10364906166362335
0.017104210915146505 0.10910459394845831
0.017104210915146505 0.10910459394845831
0.01805210359230293 0.10457567496743347
0.01805210359230293 0.10457567496743347
0.018764056106108675 0.10800844726935487
0.01897193298273472 0.11102383838913955
0.01897193298273472 0.11102383838913955
0.019840371825977005 0.09408040310856597
0.019840371825977005 0.09408040310856597
0.01802342535674114 0.08970978839477374
0.01802342535674114 0.08970978839477374
0.017825631272719134 0.0799961254286708
0.017825631272719134 0.0799961254286708
0.01892162172228895 0.08491321751781743
0.019146030065095295 0.09699780947429656
0.019146030065095295 0.09699780947429656
0.02093213178558614 0.08515100077562682
0.02093213178558614 0.08515100077562682
0.020923490635625593 0.07906719723309817
0.020923490635625593 0.07906719723309817
0.019573225311524566 0.07658284259965341
0.019573225311524566 0.07658284259965341
0.018814685287441155 0.08825350164804645
0.020252400626787535 0.09092107099513681
0.020252400626787535 0.09092107099513681
0.022122028543592367 0.07715206671159963
0.015655770112358417 0.0604292235312346
0.015655770112358417 0.0604292235312346
0.014811822058298481 0.05099036024435189
0.014811822058298481 0.05099036024435189
0.014596302822137816 0.05374453749337601
0.014596302822137816 0.05374453749337601
0.014424591716858033 0.06162586149701697
0.014424591716858033 0.06162586149701697
0.015005065662136179 0.04568456834846771
0.014649357876093335 0.05446038056722455
0.014649357876093335 0.05446038056722455
0.014510142027894392 0.03582260848778654
0.014510142027894392 0.03582260848778654
0.014559577009497364 0.04893808052948352
0.014559577009497364 0.04893808052948352
0.01549035218533209 0.05245442553113468
0.01549035218533209 0.05245442553113468
0.01580023721712533 0.06405308149554745
0.01580023721712533 0.06405308149554745
0.016583567540338018 0.041136995704470235
0.017126586784519632 0.055405321336398965
0.017126586784519632 0.055405321336398965
0.019884231692311145 0.07070313758861915
0.019884231692311145 0.07070313758861915
0.02261837356690953 0.08841865892825344
0.02261837356690953 0.08841865892825344
0.027304718387054318 0.0878074728234431
0.03021002036720053 0.0820355615501319
0.03021002036720053 0.0820355615501319
0.03309137072848414 0.09216119775274895
0.03309137072848414 0.09216119775274895
0.03813195304109474 0.08910074292034514
0.03813195304109474 0.08910074292034514
0.04348449564561027 0.09401898301087785
0.04348449564561027 0.09401898301087785
0.04202376834565035 0.09721095429424874
0.04202376834565035 0.09721095429424874
0.02503788339283554 0.05961592049542149
0.026411980534033177 0.074249117636211
0.026411980534033177 0.074249117636211
0.029755089461582604 0.061472753790853936
0.029755089461582604 0.061472753790853936
0.03158533411413043 0.07712510063024165
0.03158533411413043 0.07712510063024165
0.0315862450791119 0.08822157044947111
0.0315862450791119 0.08822157044947111
0.03136594141983346 0.09067436069995038
0.03166602409215569 0.09582986427692608
0.03166602409215569 0.09582986427692608
0.030477810579716824 0.09351784774706043
0.030477810579716824 0.09351784774706043
0.03010282193841261 0.08760299845341225
0.03010282193841261 0.08760299845341225
0.03005689472311176 0.08924991157675663
0.03005689472311176 0.08924991157675663
0.030460276525058668 0.08826255863796609
0.030460276525058668 0.08826255863796609
0.03142203644910326 0.06870719367373374
0.03142203644910326 0.06870719367373374
0.03209512268104064 0.09115170580959563
0.032073665335026334 0.08588215318148973
0.032073665335026334 0.08588215318148973
0.03131045878614748 0.06984223202689424
0.03131045878614748 0.06984223202689424
0.02993387624189182 0.07749994129948942
0.02993387624189182 0.07749994129948942
0.03022619103879278 0.0826022456444425
0.03022619103879278 0.0826022456444425
0.02856011773241292 0.09204490634755144
0.02856011773241292 0.09204490634755144
0.030872849891539926 0.08909695969858775
0.03177854441715373 0.054578269814274015
0.03177854441715373 0.054578269814274015
0.030679127097007475 0.07328038363537241
0.030679127097007475 0.07328038363537241
0.029936624228144127 0.08630774669417395
0.029936624228144127 0.08630774669417395
0.03128368381637604 0.07822730615461998
0.03128368381637604 0.07822730615461998
0.03094553914252679 0.06994760110646621
0.03094553914252679 0.06994760110646621
0.030610966538847578 0.0824140178679709
0.030610966538847578 0.0824140178679709
0.03092565220634857 0.07795489539471426
0.03064328486636549 0.09062229878944905
0.03064328486636549 0.09062229878944905
0.030262159706185007 0.08352502880736148
0.030262159706185007 0.08352502880736148
0.03187727571663642 0.06988376013329606
0.03187727571663642 0.06988376013329606
0.03179767020817412 0.09171623978354261
0.03179767020817412 0.09171623978354261
0.032798324439618186 0.08918196266011967
0.03216451145199769 0.09027627751510797
0.03216451145199769 0.09027627751510797
0.032431556471337976 0.08312943547146699
0.032431556471337976 0.08312943547146699
0.03392504004175729 0.10684571117179219
0.03392504004175729 0.10684571117179219
0.03398105546764931 0.11091739430698447
0.03449659038094385 0.09747312028271538
0.03449659038094385 0.09747312028271538
0.034587365354495074 0.08154694681297281
0.034587365354495074 0.08154694681297281
0.03370412091657984 0.0969289210797388
0.03370412091657984 0.0969289210797388
0.03474632242359454 0.09395508663962678
0.03474632242359454 0.09395508663962678
0.03507776844230858 0.10157377998168472
0.036212122956716934 0.08672685538356843
0.036212122956716934 0.08672685538356843
0.03621822293504562 0.10928355982302608
0.03621822293504562 0.10928355982302608
0.03760802927056329 0.10272635718938247
0.03760802927056329 0.10272635718938247
0.03892581794243798 0.08786786912240015
0.03892581794243798 0.08786786912240015
0.03909824793734084 0.05999368666590337
0.037515163966918584 0.02720542661555753
0.037515163966918584 0.02720542661555753
0.037172978201776966 0.041223236066971
0.037172978201776966 0.041223236066971
0.03896978273515015 0.025661423569573474
0.03896978273515015 0.025661423569573474
0.03984920020023922 0.023302181770757116
0.03984920020023922 0.023302181770757116
0.039190406325863444 0.03468774416428077
0.039190406325863444 0.03468774416428077
0.04200002949683231 0.02866962805827418
0.04230695911782828 0.031694712076117335
0.04230695911782828 0.031694712076117335
0.04207491104102543 0.03659601827900936
0.04207491104102543 0.03659601827900936
0.04114824817153174 0.0362574851279438
0.04114824817153174 0.0362574851279438
0.04264419327660689 0.04459237315675411
0.04264419327660689 0.04459237315675411
0.044629100459271695 0.040717468873853004
0.044629100459271695 0.040717468873853004
0.046695312997123685 0.02614431891637
0.046695312997123685 0.02614431891637
0.04829211967446603 0.046453747893033616
0.04832466822146883 0.05328770239758221
0.04832466822146883 0.05328770239758221
0.03839504067705506 0.05209198775974982
0.03839504067705506 0.05209198775974982
0.035292439930148786 0.04599522770708729
0.032337990937618674 0.03980314822988491
0.032337990937618674 0.03980314822988491
0.0326025765546046 0.04814080968863646
0.0326025765546046 0.04814080968863646
0.03295808625040874 0.10708109412758934
0.03295808625040874 0.10708109412758934
0.029341638479280868 0.1254025142355124
0.029341638479280868 0.1254025142355124
0.026513799428414704 0.12780264850159612
0.026513799428414704 0.12780264850159612
0.02699663948424701 0.17194192831701627
0.02699663948424701 0.17194192831701627
0.0318034970267172 0.14334764151749335
0.0318034970267172 0.14334764151749335
0.03224817747252383 0.11902303141488735
0.03224817747252383 0.11902303141488735
0.03347727917833696 0.09944089461609086
0.03347727917833696 0.09944089461609086
0.03521070469612221 0.09313355639487052
0.03521070469612221 0.09313355639487052
0.03817163012777077 0.09480487054866697
0.03817163012777077 0.09480487054866697
0.04183077633226796 0.07848341479444272
0.0443226041472799 0.09802995939174544
0.0443226041472799 0.09802995939174544
0.04665330815665128 0.0955248077320794
0.04665330815665128 0.0955248077320794
0.04568677908705683 0.07774003273511029
0.04568677908705683 0.07774003273511029
0.027861963811780736 0.05149144440335969
0.027861963811780736 0.05149144440335969
0.02941064312390424 0.043568346748084234
0.02941064312390424 0.043568346748084234
0.030730634089276527 0.05248548303310183
0.03021887639702878 0.07310716789507306
0.03021887639702878 0.07310716789507306
0.028093417812992006 0.06388691985002043
0.028093417812992006 0.06388691985002043
0.028013254671045575 0.08072771569501591
0.028013254671045575 0.08072771569501591
0.027823975629971787 0.07825477614117685
0.027823975629971787 0.07825477614117685
0.02688883246753674 0.07528923239577352
0.02688883246753674 0.07528923239577352
0.025381544799314235 0.09753463125386656
0.025381544799314235 0.09753463125386656
0.025648435674511475 0.08435319885854065
0.02650402719729571 0.1025482465827755
0.02650402719729571 0.1025482465827755
0.030454419822299808 0.11578212229096804
0.030454419822299808 0.11578212229096804
0.03663662909767709 0.09988282925941347
0.03663662909767709 0.09988282925941347
0.03765572844928518 0.08515218504980739
0.03765572844928518 0.08515218504980739
0.036692855671729814 0.08572884936059243
0.036692855671729814 0.08572884936059243
0.04081007230297763 0.07798116952619415
0.04622100425517602 0.048384759119157204
0.04622100425517602 0.048384759119157204
0.0460672636487645 0.07597396391525069
0.0460672636487645 0.07597396391525069
0.04521596451153839 0.04873749731457017
0.04521596451153839 0.04873749731457017
0.042371197777051714 0.06735087880606813
0.042371197777051714 0.06735087880606813
0.04037426322695615 0.028562434740321423
0.0370035232267239 0.09034321219746537
0.0370035232267239 0.09034321219746537
0.03859126296822505 0.08628972518646179
0.03859126296822505 0.08628972518646179
0.038988832510775936 0.05025841470083086
0.038988832510775936 0.05025841470083086
0.040143208997957584 0.026651598202208242
0.040143208997957584 0.026651598202208242
0.043704358009950345 0.04570288900969388
0.04506622229591765 0.07421582415157552
0.04506622229591765 0.07421582415157552
0.04923341874646434 0.033983431825343226
0.04923341874646434 0.033983431825343226
0.052275548597910844 0.04117791192226743
0.052275548597910844 0.04117791192226743
0.056821184974760505 0.03253054021972645
0.056821184974760505 0.03253054021972645
0.059611890665664705 0.04201420463555152
0.059741570157748704 0.040793718255622675
0.059741570157748704 0.040793718255622675
0.06048360437663341 0.0498001062981818
0.06048360437663341 0.0498001062981818
0.06222051839662243 0.030496989482123316
0.06222051839662243 0.030496989482123316
0.06374171559595468 0.046863028174975875
0.06374171559595468 0.046863028174975875
0.0639844735562119 0.05240516677930903
0.06606210149602307 0.052346095455039175
0.06606210149602307 0.052346095455039175
0.0688217607012495 0.06043941973766694
0.0688217607012495 0.06043941973766694
0.07084321580331186 0.06545445108906561
0.07084321580331186 0.06545445108906561
0.0726990841340727 0.07349182479758891
0.0726990841340727 0.07349182479758891
0.07588154696578982 0.06861035817447485
0.07588154696578982 0.06861035817447485
0.07890839618728705 0.06746966756207176
0.07890839618728705 0.06746966756207176
0.08080191253598186 0.07212894927206986
0.08103603239147071 0.0612311798182819
0.08103603239147071 0.0612311798182819
0.08140794575121861 0.05306781922116587
0.08140794575121861 0.05306781922116587
0.07922691944177147 0.06737350551362918
0.07922691944177147 0.06737350551362918
0.0760886655868898 0.0792428408069508
0.0760886655868898 0.0792428408069508
0.07512551869029066 0.09315977410403535
0.07512551869029066 0.09315977410403535
0.07351954398550407 0.12114643755704899
0.0733685512434152 0.1384700888464876
0.0733685512434152 0.1384700888464876
0.07363441777925123 0.1450199839659344
0.07363441777925123 0.1450199839659344
0.07355893321340573 0.1490227520024226
0.07355893321340573 0.1490227520024226
0.07269085865585198 0.14275667843582207
0.07269085865585198 0.14275667843582207
0.07279226342472989 0.1459022194164926
0.07279226342472989 0.1459022194164926
0.07085551186133021 0.15121025657302872
0.07145111953117263 0.1391238203875516
0.07145111953117263 0.1391238203875516
0.07105092900084654 0.13328809277725912
0.07105092900084654 0.13328809277725912
0.0716916731490282 0.11491705692430172
0.0716916731490282 0.11491705692430172
0.07355773784252985 0.06629937600144616
0.07355773784252985 0.06629937600144616
0.07629599776511682 0.03742695281215539
0.07720408489822769 0.0639421212539987
0.07720408489822769 0.0639421212539987
0.07627637634502371 0.09823944246938406
0.07627637634502371 0.09823944246938406
0.07408132932349329 0.08523507108179469
0.07408132932349329 0.08523507108179469
0.0735209061934684 0.10587626977496514
0.0735209061934684 0.10587626977496514
0.07327940052356116 0.13475786643271997
0.07274865900096532 0.133034722226864
0.07274865900096532 0.133034722226864
0.07339405075289615 0.10471612345970115
0.07339405075289615 0.10471612345970115
0.07414889879794433 0.10965713512123904
0.07414889879794433 0.10965713512123904
0.07484642379932609 0.07759304853629465
0.07484642379932609 0.07759304853629465
0.07584659436152053 0.07936520505784533
0.07661767850694062 0.07796071887239903
0.07661767850694062 0.07796071887239903
0.07792658937383612 0.057421780332244564
0.07792658937383612 0.057421780332244564
0.07951101666327637 0.07076147363786008
0.07951101666327637 0.07076147363786008
0.07889799291418119 0.055828195615247475
0.07889799291418119 0.055828195615247475
0.07887227262602882 0.06317959254802381
0.07887227262602882 0.06317959254802381
0.07911621780917591 0.0641066518378813
0.0798423998600357 0.05563496123297567
0.0798423998600357 0.05563496123297567
0.08106062272467954 0.06626117003381436
0.08106062272467954 0.06626117003381436
0.08291282806166037 0.056023077964349466
0.08291282806166037 0.056023077964349466
0.0839965148519501 0.04685976919281809
0.0839965148519501 0.04685976919281809
0.08470339657056003 0.045914133702065194
0.08470339657056003 0.045914133702065194
0.08656556041005883 0.0533241208577931
0.08727881315580416 0.055341640566717525
0.08727881315580416 0.055341640566717525
0.08753424511766456 0.05508147038522012
0.08753424511766456 0.05508147038522012
0.08792208976136462 0.04737598518844484
0.08792208976136462 0.04737598518844484
0.08888012045930714 0.04848862850951297
0.08888012045930714 0.04848862850951297
0.08958906566599355 0.04127408102105383
0.08958906566599355 0.04127408102105383
0.08999006678277052 0.04337064799987595
0.08999006678277052 0.04337064799987595
0.09083412803662759 0.03817871013760032
0.09217386297790485 0.06235119856821387
0.09217386297790485 0.06235119856821387
0.09365315591947569 0.04329132541083175
0.09365315591947569 0.04329132541083175
0.09464935210912671 0.046064187848031915
0.09464935210912671 0.046064187848031915
0.09646183946596008 0.04800179678202803
0.09646183946596008 0.04800179678202803
0.09964639639031529 0.0497260725075337
0.09964639639031529 0.0497260725075337
0.10015393001589025 0.04510413667528365
0.10189909094376726 0.05487774077424565
0.10189909094376726 0.05487774077424565
0.10203609810299605 0.048915695098635026
0.10203609810299605 0.048915695098635026
0.101122458811361 0.04698490018655944
0.101122458811361 0.04698490018655944
0.10249216055974292 0.05968649295834188
0.10290190649017152 0.05728292211737284
0.10290190649017152 0.05728292211737284
0.10362369531976583 0.06608954966568825
0.10362369531976583 0.06608954966568825
0.10357209171655012 0.06550128670791328
0.10357209171655012 0.06550128670791328
0.1029483545864058 0.07084600518278614
0.1029483545864058 0.07084600518278614
0.1036355330559448 0.06617078626281996
0.1033419105775413 0.07294851004259355
0.1033419105775413 0.07294851004259355
0.10351963102719 0.07634243217734674
0.10351963102719 0.07634243217734674
0.10395586981898362 0.09567223010307677
0.10395586981898362 0.09567223010307677
0.10336364988454765 0.0911925969687176
0.10336364988454765 0.0911925969687176
0.10331747545119853 0.09165177364675223
0.10134295936211567 0.0762019486341156
0.10134295936211567 0.0762019486341156
0.10015419579761856 0.08196110591464727
0.10015419579761856 0.08196110591464727
0.09745938633378738 0.055842943998529244
0.09745938633378738 0.055842943998529244
0.09744166233327996 0.07251680912909302
0.09744166233327996 0.07251680912909302
0.09559712727042127 0.0476852296456881
0.09559712727042127 0.0476852296456881
0.09551798499528394 0.06607586844345617
0.09334232278430396 0.07664067543692808
0.09334232278430396 0.07664067543692808
0.08989512168432584 0.03926634498214213
0.08989512168432584 0.03926634498214213
0.08916247124227855 0.047886524744629184
0.08916247124227855 0.047886524744629184
0.08736030756407036 0.032410343190305266
0.08736030756407036 0.032410343190305266
0.08640100534406499 0.02023774098247821
0.08640100534406499 0.02023774098247821
0.08275703340137512 0.03871704978418942
0.08275703340137512 0.03871704978418942
0.07822284690980504 0.040572866046515416
0.07631418677076622 0.0442095425384993
0.07631418677076622 0.0442095425384993
0.07592860781473759 0.018844392825274305
0.07592860781473759 0.018844392825274305
0.07357260235786824 0.049062385862164284
0.07357260235786824 0.049062385862164284
0.07743840190273578 0.03223518115971041
0.07743840190273578 0.03223518115971041
0.07647922912085109 0.07587525550066437
0.07647922912085109 0.07587525550066437
0.08204865474028239 0.06099440418380713
0.08463766099472689 0.08602261358803405
0.08463766099472689 0.08602261358803405
0.09089514502663322 0.04186875075409211
0.09089514502663322 0.04186875075409211
0.08569177575580011 0.08022402598903995
0.08569177575580011 0.08022402598903995
0.0859758085806468 0.0983765120452734
0.0859758085806468 0.0983765120452734
0.0850399726682048 0.11125148445881829
0.0850399726682048 0.11125148445881829
0.08644416741385175 0.06880709576095145
0.08480721135907973 0.07143245702832828
0.08480721135907973 0.07143245702832828
0.08420115458316099 0.06391159890863496
0.08420115458316099 0.06391159890863496
0.08422170995840253 0.07068777959942048
0.08422170995840253 0.07068777959942048
0.08656366213815903 0.09902684629880494
0.08656366213815903 0.09902684629880494
0.08829467808753608 0.09244254068294479
0.08993832472834119 0.08345713619007912
0.08993832472834119 0.08345713619007912
0.09097372323465854 0.05848078849098325
0.09097372323465854 0.05848078849098325
0.09498956482009065 0.08414994667234335
0.09498956482009065 0.08414994667234335
0.09573903179315083 0.10652736748607172
0.09573903179315083 0.10652736748607172
0.09675841889212307 0.11495156998119037
0.09930419814394101 0.11801199156051836
0.09930419814394101 0.11801199156051836
0.10177001947324202 0.11692755135046351
0.10177001947324202 0.11692755135046351
0.10263382156048675 0.15176804758510648
0.10263382156048675 0.15176804758510648
0.10242052036254304 0.13041643637093894
0.10242052036254304 0.13041643637093894
0.1021229316025617 0.1145633819139046
0.10048850402926558 0.12860802499306684
0.10048850402926558 0.12860802499306684
0.10049619667661638 0.13366920416628347
0.10049619667661638 0.13366920416628347
0.09875467874806819 0.13967408898681752
0.09875467874806819 0.13967408898681752
0.09873368919287263 0.13329790335485991
0.09873368919287263 0.13329790335485991
0.09973871472719913 0.11420257208649527
0.09973871472719913 0.11420257208649527
0.09842270787723127 0.12077412171886935
0.09655351166997227 0.13056103975714634
0.09655351166997227 0.13056103975714634
0.0980724865373851 0.12207770917553783
0.0980724865373851 0.12207770917553783
0.09914413761501208 0.11256531519279382
0.09914413761501208 0.11256531519279382
0.10158644847573858 0.1087234586636805
0.10158644847573858 0.1087234586636805
0.1032922791877316 0.10048650176879298
0.1032922791877316 0.10048650176879298
0.10423609103343204 0.10234592750309152
0.1063532667640495 0.09289918824564738
0.1063532667640495 0.09289918824564738
0.11100848992350947 0.07296881286422914
0.11100848992350947 0.07296881286422914
0.11338033534343707 0.0636507472405305
0.11338033534343707 0.0636507472405305
0.11480720642928872 0.06066974394270309
0.11480720642928872 0.06066974394270309
0.11496696723684 0.07657738400731867
0.11496696723684 0.07657738400731867
0.11423781353947685 0.08612581693214892
0.11423781353947685 0.08612581693214892
0.11637295799957151 0.07528699577666294
0.11743162752322879 0.06808706545945944
0.11743162752322879 0.06808706545945944
0.1174900915941564 0.04739108739226822
0.1174900915941564 0.04739108739226822
0.11629099237354447 0.03416097693311081
0.11629099237354447 0.03416097693311081
0.11778544526020214 0.0392959379343734
0.11778544526020214 0.0392959379343734
0.11747028295691969 0.06900846804021335
0.11938175618924009 0.05806937495522502
0.11938175618924009 0.05806937495522502
0.1190531869488528 0.06989118457813485
0.1190531869488528 0.06989118457813485
0.11914432748383584 0.08834196350461962
0.11914432748383584 0.08834196350461962
0.11996491485314159 0.07406061356261522
0.11996491485314159 0.07406061356261522
0.11951066099641282 0.0725756497824159
0.12035174994464451 0.08882841944291779
0.12035174994464451 0.08882841944291779
0.12074378787531202 0.11199158512502332
0.12074378787531202 0.11199158512502332
0.1210629893438134 0.1363690669828457
0.1210629893438134 0.1363690669828457
0.12029204248179595 0.10669974717571899
0.12029204248179595 0.10669974717571899
0.11947239724071394 0.09191400396218921
0.12097750878286542 0.0999930195397188
0.12097750878286542 0.0999930195397188
0.12154863837995442 0.11052874168874954
0.12154863837995442 0.11052874168874954
0.1209905189592447 0.11402271792879892
0.1209905189592447 0.11402271792879892
0.12059845319072553 0.10493233383752025
0.12059845319072553 0.10493233383752025
0.11959172568485991 0.10722476215990166
0.12036922966045822 0.1117689371720129
0.12036922966045822 0.1117689371720129
0.12123222204838242 0.09370188175879968
0.12123222204838242 0.09370188175879968
0.11954765677014934 0.09717358210224324
0.11954765677014934 0.09717358210224324
0.11954765677014934 0.09717358210224324
0.11954765677014934 0.09717358210224324
0.11994043062838684 0.10185875911001602
0.11994043062838684 0.10185875911001602
0.11761718000112305 0.09507937594546685
0.11625161328278245 0.07525624261749818
0.11625161328278245 0.07525624261749818
0.11695368529682973 0.054631197342341176
0.11695368529682973 0.054631197342341176
0.1159013329540224 0.05613848026207476
0.1159013329540224 0.05613848026207476
0.11379859432380307 0.05430553372016135
0.11379859432380307 0.05430553372016135
0.11269616788709387 0.02756592036648977
0.11269616788709387 0.02756592036648977
0.11226983964277841 0.04005693668481285
0.11226983964277841 0.04005693668481285
0.11259946510614272 0.03545682261815481
0.11206114342705793 0.05158396259699543
0.11206114342705793 0.05158396259699543
0.111473173584629 0.058907494195967816
0.111473173584629 0.058907494195967816
0.111473173584629 0.058907494195967816
0.111473173584629 0.058907494195967816
0.11226357481539725 0.042189937331620686
0.11226357481539725 0.042189937331620686
0.11226357481539725 0.042189937331620686
0.11226357481539725 0.042189937331620686
0.1103364632463817 0.037294651502551505
0.1106238598683478 0.02662479459775833
0.1106238598683478 0.02662479459775833
0.11086574214595453 0.028492646677818628
0.11086574214595453 0.028492646677818628
0.11063468257149672 0.02606287921085686
0.11063468257149672 0.02606287921085686
0.1113315350621462 0.05363249981633515
0.1113315350621462 0.05363249981633515
0.11111780822773391 0.027867592603059863
0.11111780822773391 0.027867592603059863
0.11114415668302785 0.027615229295102836
0.1105996689551145 0.02220466149170127
0.1105996689551145 0.02220466149170127
0.11165093273585203 0.053006925522071605
0.11165093273585203 0.053006925522071605
0.11065767160319825 0.02555950545618043
0.11065767160319825 0.02555950545618043
0.11117148056166534 0.027363511531118573
0.11117148056166534 0.027363511531118573
0.11114415668302785 0.027615229295102836
0.11058729370121177 0.018352475106874638
0.11058729370121177 0.018352475106874638
0.11275634383080414 0.024090839518977208
0.11275634383080414 0.024090839518977208
0.11116726796137931 0.01954390746515565
0.11116726796137931 0.01954390746515565
0.11243781204388509 0.03358849289197717
0.11211901772156722 0.0389279552959777
0.11211901772156722 0.0389279552959777
0.11211901772156722 0.0389279552959777
0.11211901772156722 0.0389279552959777
0.11094746604093392 0.027713615892392587
0.11094746604093392 0.027713615892392587
0.11097499055168895 0.027458729527241196
0.11097499055168895 0.027458729527241196
0.11097499055168895 0.027458729527241196
0.11048643440306195 0.021816765808197757
0.11048643440306195 0.021816765808197757
0.11214301838940256 0.03889492513740577
0.11214301838940256 0.03889492513740577
0.11089860984274347 0.024720776782106928
0.11089860984274347 0.024720776782106928
0.1110352391421589 0.0188766661245481
0.1110352391421589 0.0188766661245481
0.11073379096146356 0.04161267976913926
0.11073379096146356 0.04161267976913926
0.11172687250469242 0.051483128213045445
0.11172687250469242 0.051483128213045445
0.1123382174329576 0.03630579794951121
0.11256054003302017 0.037441820970280724
0.11256054003302017 0.037441820970280724
0.11237076200672624 0.036341534751234014
0.11237076200672624 0.036341534751234014
0.11123871140843954 0.02350920257335446
0.11123871140843954 0.02350920257335446
0.11133760434172008 0.024292937117100698
0.11133760434172008 0.024292937117100698
0.11574499507749197 0.012357923799046332
0.11574499507749197 0.012357923799046332
0.11760387094156095 0.019354265383679726
0.11381543473570428 0.02599387681327544
0.11381543473570428 0.02599387681327544
0.11552550729033718 0.02278774870621709
0.11552550729033718 0.02278774870621709
0.11819587522531462 0.03502617806444029
0.11819587522531462 0.03502617806444029
0.11969980423379131 0.038105995863187206
0.11969980423379131 0.038105995863187206
0.11792465929174423 0.028274311290757984
0.11792465929174423 0.028274311290757984
0.1204677206242116 0.030678614550516948
0.1204677206242116 0.030678614550516948
0.11866404889325521 0.025626437169136367
0.11781681044986742 0.03584746862040488
0.11781681044986742 0.03584746862040488
0.11681406962996176 0.028699328821458973
0.11681406962996176 0.028699328821458973
0.11833802534108515 0.03327795223520153
0.11833802534108515 0.03327795223520153
0.11797780458150359 0.033070288256555655
0.11797780458150359 0.033070288256555655
0.11735563330960898 0.02966677290377109
0.11850486074888839 0.04022540930198273
0.11850486074888839 0.04022540930198273
0.11925972761190577 0.06306993483061084
0.11925972761190577 0.06306993483061084
0.11801333439282437 0.032894235734416764
0.11801333439282437 0.032894235734416764
0.1171553822334035 0.029751185591956407
0.1171553822334035 0.029751185591956407
0.11635345583462568 0.018373887418919845
0.11772080048236606 0.0429469061023865
0.11772080048236606 0.0429469061023865
0.11828927074137933 0.02988050153621939
0.11828927074137933 0.02988050153621939
0.11688892100548529 0.02482578383190481
0.11688892100548529 0.02482578383190481
0.11688892100548529 0.02482578383190481
0.11688892100548529 0.02482578383190481
0.11645613845856505 0.02389782709442788
0.11649406574930847 0.023635480428373754
0.11649406574930847 0.023635480428373754
0.11603168047120775 0.04219226612909591
0.11603168047120775 0.04219226612909591
0.11534309650992061 0.026158841912665952
0.11534309650992061 0.026158841912665952
0.11776337989131043 0.03829383755784785
0.11776337989131043 0.03829383755784785
0.1162551688803489 0.02408796601184915
0.11769910335404576 0.03708152421212025
0.11769910335404576 0.03708152421212025
0.1186443635736601 0.03948077657048316
0.1186443635736601 0.03948077657048316
0.12052661745610575 0.035957208566719946
0.12052661745610575 0.035957208566719946
0.12030298855345575 0.03836319461549899
0.12030298855345575 0.03836319461549899
0.11834250172960548 0.040380457237452844
0.11834250172960548 0.040380457237452844
0.11839663851897962 0.01682744320702463
0.1174589839760603 0.015936845302542937
0.1174589839760603 0.015936845302542937
0.11902684607364311 0.039283658032503596
0.11902684607364311 0.039283658032503596
0.1187355315863434 0.028373705226402365
0.1187355315863434 0.028373705226402365
0.11942852443843799 0.037896643473482636
0.11942852443843799 0.037896643473482636
0.11960488017096887 0.04376054729221428
0.11960488017096887 0.04376054729221428
0.11950118493237841 0.028703530806123083
0.11950118493237841 0.028703530806123083
0.12016807330457448 0.03571980081368473
0.11877993768091484 0.03359640725462646
0.11877993768091484 0.03359640725462646
0.12094239003284028 0.02983009357901765
0.12094239003284028 0.02983009357901765
0.12103673941354991 0.04913441884127128
0.12103673941354991 0.04913441884127128
0.12093868875941706 0.026133583370870198
0.12093868875941706 0.026133583370870198
0.12400760386872181 0.03145255028921832
0.12400760386872181 0.03145255028921832
0.12271863049270408 0.04970561810690272
0.12517930060330837 0.04373323714596677
0.12517930060330837 0.04373323714596677
0.1270058066726148 0.03895335779063412
0.1270058066726148 0.03895335779063412
0.12743031292406537 0.014340363062148006
0.12743031292406537 0.014340363062148006
0.11214209796293977 0.09311577963474064
0.11214209796293977 0.09311577963474064
0.10529293079630177 0.09950237888407057
0.07982531152046303 0.18667749884338114
0.07618987196481083 0.20465241267759457
0.07618987196481083 0.20465241267759457
0.08072419300489193 0.17756210865333868
0.08072419300489193 0.17756210865333868
0.0846311429808021 0.15351478955461498
0.0846311429808021 0.15351478955461498
0.09611550200578975 0.0779046982122359
0.09611550200578975 0.0779046982122359
0.09805246411800918 0.07846899756136488
0.09953152241486989 0.08536808851558313
0.09953152241486989 0.08536808851558313
0.10038812326594117 0.07802617835545111
0.10038812326594117 0.07802617835545111
0.10251635985913533 0.07212492694129885
0.10251635985913533 0.07212492694129885
0.10301921607083173 0.10074433802858657
0.10301921607083173 0.10074433802858657
0.10605425589557425 0.08821861693964181
0.10684248916186104 0.10332393361528254
0.10684248916186104 0.10332393361528254
0.10746689104537384 0.11201345947128624
0.10746689104537384 0.11201345947128624
0.10860043033052007 0.081168833467957
0.10860043033052007 0.081168833467957
0.10691633209041213 0.062363149395621334
0.10691633209041213 0.062363149395621334
0.1040135304009876 0.0774793457171159
0.1040135304009876 0.0774793457171159
0.10295026237594913 0.07827226938308994
0.10295026237594913 0.07827226938308994
0.10400560281010429 0.09221919401227961
0.10491636936449898 0.08291748930455228
0.10491636936449898 0.08291748930455228
0.10692664350276941 0.0899710342894597
0.10692664350276941 0.0899710342894597
0.10736502558587638 0.08471447833974718
0.10736502558587638 0.08471447833974718
0.10868305712353139 0.11562084538407774
0.1061667209989857 0.11680471360037574
0.10537223651313418 0.10549505371393993
0.10537223651313418 0.10549505371393993
0.1047180213770042 0.12262553368005552
0.1047180213770042 0.12262553368005552
0.10679288366718552 0.12494131812725282
0.10679288366718552 0.12494131812725282
0.10806734732381802 0.11673715959560366
0.10806734732381802 0.11673715959560366
0.10867191290997828 0.13439012008727036
0.10867191290997828 0.13439012008727036
0.10830706638524312 0.14017374829422988
0.10830706638524312 0.14017374829422988
0.11176947207846545 0.15065164873169332
0.11034460895145914 0.16161268936691428
0.11034460895145914 0.16161268936691428
0.1109924476683435 0.16978244006937354
0.1109924476683435 0.16978244006937354
0.11318960845544684 0.1652430362355444
0.11318960845544684 0.1652430362355444
0.1138766526835783 0.14215675928106503
0.1138766526835783 0.14215675928106503
0.11227580142471523 0.12306562822603447
0.10970043313928446 0.09770159170697112
0.10970043313928446 0.09770159170697112
0.1084024745482328 0.09014660194869942
0.1084024745482328 0.09014660194869942
0.10970842810771325 0.07516849362304179
0.10970842810771325 0.07516849362304179
0.10944023248502935 0.08086720291736041
0.10944023248502935 0.08086720291736041
0.11333558615111071 0.08182999236527981
0.11486734369923386 0.08496483856099099
0.11486734369923386 0.08496483856099099
0.11462139190185608 0.08818618689043017
0.11462139190185608 0.08818618689043017
0.11541922462314218 0.10711900594644586
0.11541922462314218 0.10711900594644586
0.1181462535950485 0.11069014368315035
0.11828513311774258 0.12998596251163808
0.11828513311774258 0.12998596251163808
0.11988299645618015 0.12506966849610215
0.11988299645618015 0.12506966849610215
0.12394430631583438 0.08822558798413599
0.12394430631583438 0.08822558798413599
0.12373560960812913 0.1154962783343347
0.12373560960812913 0.1154962783343347
0.12714386278984874 0.07117427947564652
0.12714386278984874 0.07117427947564652
0.12629828469084406 0.07410994930574777
0.12563565644379784 0.11342717819542972
0.12563565644379784 0.11342717819542972
0.12525903150991907 0.09698083024770913
0.12525903150991907 0.09698083024770913
0.12723994367125735 0.0917787740801279
0.12723994367125735 0.0917787740801279
0.1278070598009481 0.10273221664124578
0.1278070598009481 0.10273221664124578
0.12665355480011697 0.10908064319351539
0.12665355480011697 0.10908064319351539
0.12636794033585394 0.11326169708101054
0.12714423218839485 0.10776629877565155
0.12714423218839485 0.10776629877565155
0.12637703430526337 0.12341647136528139
0.12637703430526337 0.12341647136528139
0.12625251258225784 0.1197931330029961
0.12625251258225784 0.1197931330029961
0.12650993061718557 0.10263004172654856
0.12650993061718557 0.10263004172654856
0.1268614577074956 0.11639521524988512
0.1268614577074956 0.11639521524988512
0.12660484019743432 0.1103787761480128
0.12660484019743432 0.1103787761480128
0.12578771368888395 0.08411849474465555
0.127475815965099 0.08739549163449623
0.127475815965099 0.08739549163449623
0.12686861711447595 0.07765916842731808
0.12686861711447595 0.07765916842731808
0.12643969521716883 0.08942381288744115
0.12643969521716883 0.08942381288744115
0.12658010397135308 0.11146105355723784
0.12658010397135308 0.11146105355723784
0.12651008833053773 0.11007706826687395
0.12651008833053773 0.11007706826687395
0.12704023985300536 0.1096550245906498
0.1264804397919597 0.10928756461561501
0.1264804397919597 0.10928756461561501
0.12591890112424975 0.11255369785050877
0.12591890112424975 0.11255369785050877
0.12660753501397273 0.10996551291072036
0.12660753501397273 0.10996551291072036
0.12707665440854427 0.10057545593792219
0.12707665440854427 0.10057545593792219
0.12687725958771084 0.08825037758206687
0.12953761977818232 0.08823257991070667
0.12953761977818232 0.08823257991070667
0.129429878713998 0.06552784791708895
0.129429878713998 0.06552784791708895
0.13331366703081846 0.06798112896541325
0.13331366703081846 0.06798112896541325
0.12813765529693355 0.06309264168825522
0.12813765529693355 0.06309264168825522
0.12892022478548237 0.05885380603339753
0.12954901062146734 0.07353063739781121
0.12954901062146734 0.07353063739781121
0.12831375244656673 0.07111225326106684
0.12831375244656673 0.07111225326106684
0.12917336083395306 0.06995891567863671
0.12917336083395306 0.06995891567863671
0.13088329335808596 0.06326671097496124
0.13088329335808596 0.06326671097496124
0.130489108464055 0.07141766408883914
0.1290069811767796 0.07336240434872152
0.1290069811767796 0.07336240434872152
0.13042761155900592 0.07127529445191493
0.13042761155900592 0.07127529445191493
0.13042761155900592 0.07127529445191493
0.13042761155900592 0.07127529445191493
0.13190047571887895 0.06945990814384732
0.13190047571887895 0.06945990814384732
0.12905566032494847 0.06199260241575483
0.12905566032494847 0.06199260241575483
0.12905566032494847 0.06199260241575483
0.1290431606221515 0.06949272677537204
0.1290431606221515 0.06949272677537204
0.12947424518872735 0.06848998963493175
0.12947424518872735 0.06848998963493175
0.13010765570363883 0.05807575031057876
0.13010765570363883 0.05807575031057876
0.13010765570363883 0.05807575031057876
0.13010765570363883 0.05807575031057876
0.1299795484433305 0.06451439997966958
0.1299795484433305 0.06451439997966958
0.1298491234136777 0.06431743667380431
0.13019785412590495 0.05484987528830278
0.13019785412590495 0.05484987528830278
0.12994944322647478 0.05498535301618708
0.12994944322647478 0.05498535301618708
0.12975074117586927 0.06422685145275209
0.12975074117586927 0.06422685145275209
0.1300005330676662 0.05509472069494564
0.1300005330676662 0.05509472069494564
0.12895220185173326 0.06045430635255164
0.12895220185173326 0.06045430635255164
0.13030151365215606 0.0550743582856088
0.1305343799428352 0.06558660156302148
0.1305343799428352 0.06558660156302148
0.12901210210552566 0.061064786895070854
0.12901210210552566 0.061064786895070854
0.129974956106645 0.05865027882429452
0.129974956106645 0.05865027882429452
0.1288204712758919 0.06295420918258524
0.1288204712758919 0.06295420918258524
0.129974956106645 0.05865027882429452
0.129974956106645 0.05865027882429452
0.1298966729731954 0.06523999177513669
0.1298966729731954 0.06523999177513669
0.1298966729731954 0.06523999177513669
0.1298966729731954 0.06523999177513669
0.1298966729731954 0.06523999177513669
0.13007224240530071 0.05940943921163646
0.13007224240530071 0.05940943921163646
0.1298966729731954 0.06523999177513669
0.1298966729731954 0.06523999177513669
0.1305343799428352 0.06558660156302148
0.12946641257401392 0.0667260651629284
0.12946641257401392 0.0667260651629284
0.13189034915262704 0.06996743034602176
0.13189034915262704 0.06996743034602176
0.12946641257401392 0.0667260651629284
0.12946641257401392 0.0667260651629284
0.13084533410009414 0.07429691234939359
0.13084533410009414 0.07429691234939359
0.130248410606905 0.05662979895618578
0.130248410606905 0.05662979895618578
0.130248410606905 0.05662979895618578
0.13021467209191998 0.06745164496911041
0.13021467209191998 0.06745164496911041
0.1299094321424092 0.06989380815398269
0.1299094321424092 0.06989380815398269
0.1273708771984835 0.08155103671662792
0.1273708771984835 0.08155103671662792
0.12117111388224214 0.058375278471973054
0.11292474075424742 0.08368129699997251
0.11292474075424742 0.08368129699997251
0.10548841151094676 0.08002999194742433
0.10548841151094676 0.08002999194742433
0.09208293068974804 0.11814217639829584
0.09208293068974804 0.11814217639829584
0.0820837304886871 0.08013153240223352
0.0820837304886871 0.08013153240223352
0.0681926702197912 0.09217326914974429
0.0681926702197912 0.09217326914974429
0.05787192723569618 0.08396733076212154
0.04553138461945546 0.0642301660614388
0.04553138461945546 0.0642301660614388
0.03854079326686993 0.004020251740956298
0.03854079326686993 0.004020251740956298
0.034889356020548615 0.01834964335512429
0.034889356020548615 0.01834964335512429
0.033692457548283206 0.012445679030823848
0.033692457548283206 0.012445679030823848
0.033661871182237915 0.006144260814999665
0.033661871182237915 0.006144260814999665
0.034021869308898216 0.013758870926866923
0.03495226322878282 0.02070191460113625
0.03495226322878282 0.02070191460113625
0.035638706148139646 0.023051371985900466
0.035638706148139646 0.023051371985900466
0.03569801585349975 0.03136827291776456
0.03569801585349975 0.03136827291776456
0.03440061463821168 0.03580329731107559
0.03440061463821168 0.03580329731107559
0.03087878956976414 0.025670470977952397
0.03087878956976414 0.025670470977952397
0.027638692560909936 0.025248051037409684
0.027638692560909936 0.025248051037409684
0.02378025586720227 0.0447021637838822
0.02075002455723754 0.026305068432561952
0.02075002455723754 0.026305068432561952
0.018751898947812463 0.017675672389831722
0.018751898947812463 0.017675672389831722
0.017057171176869522 0.010694055294341406
0.017057171176869522 0.010694055294341406
0.015596144553106784 0.02782150382558346
0.015596144553106784 0.02782150382558346
0.0152584530796249 0.029687360746939975
0.0152584530796249 0.029687360746939975
0.014677331471891143 0.025420322173807693
0.01417047237547145 0.02968342887782668
0.01417047237547145 0.02968342887782668
0.01414042998124683 0.037567783311599615
0.01414042998124683 0.037567783311599615
0.01373948457486965 0.03796742923286625
0.01373948457486965 0.03796742923286625
0.01332353710680998 0.040797812316106484
0.01332353710680998 0.040797812316106484
0.013693785268096491 0.04742387448023631
0.01288767236813401 0.04177781617127191
0.01288767236813401 0.04177781617127191
0.012451501131027965 0.03462324140126294
0.012451501131027965 0.03462324140126294
0.012855589486549317 0.03861865318729655
0.012855589486549317 0.03861865318729655
0.013934522064469771 0.04310082133808297
0.013934522064469771 0.04310082133808297
0.014829724938420998 0.04493010745788721
0.016376870669318457 0.05635989462310582
0.016376870669318457 0.05635989462310582
0.018830762760340538 0.08127416593130829
0.018830762760340538 0.08127416593130829
0.019537824510849452 0.06828848442112535
0.019537824510849452 0.06828848442112535
0.021256696264430733 0.05286490887161348
0.023136818140954273 0.06261206748828776
0.023136818140954273 0.06261206748828776
0.024410204793720122 0.0790638325244107
0.024410204793720122 0.0790638325244107
0.023080156668234958 0.07166610554899953
0.023080156668234958 0.07166610554899953
0.021064022344781646 0.06468592060001428
0.021064022344781646 0.06468592060001428
0.01910628367805587 0.04210973182301073
0.01910628367805587 0.04210973182301073
0.019610321342726833 0.05025306468729668
0.02134190961348013 0.07088731681807114
0.02134190961348013 0.07088731681807114
0.01988812314657568 0.03838577846609862
0.01988812314657568 0.03838577846609862
0.018743297985857495 0.046988048211254387
0.018743297985857495 0.046988048211254387
0.01686093222354807 0.05593072966247908
0.01686093222354807 0.05593072966247908
0.01604171385577778 0.06297682058364994
0.01604171385577778 0.06297682058364994
0.015149505893882705 0.07117182847856311
0.015149505893882705 0.07117182847856311
0.015362462223786594 0.0695427670076721
0.016041988906914568 0.07644414102556046
0.016041988906914568 0.07644414102556046
0.01659422028238526 0.06985668370659086
0.01659422028238526 0.06985668370659086
0.017910664493714333 0.0686084347096439
0.017910664493714333 0.0686084347096439
0.017271718509992973 0.07306233595543772
0.017271718509992973 0.07306233595543772
0.017073436040114208 0.06744383982677317
0.017073436040114208 0.06744383982677317
0.01854132330685744 0.0714254133491061
0.020306786940228874 0.06781595581808235
0.020306786940228874 0.06781595581808235
0.021028036211223063 0.06060836423656852
0.021028036211223063 0.06060836423656852
0.019808488448143452 0.042701634988661336
0.019808488448143452 0.042701634988661336
0.01974217850803719 0.04227702386593017
0.01974217850803719 0.04227702386593017
0.02390834726303024 0.05229627777977065
0.02390834726303024 0.05229627777977065
0.02600123635495189 0.06171331959324442
0.02615550080319163 0.07164994145854577
0.02615550080319163 0.07164994145854577
0.02493578714247276 0.05645088108221815
0.02493578714247276 0.05645088108221815
0.025448069350593003 0.06572403039435709
0.025448069350593003 0.06572403039435709
0.025183488172000307 0.06187421758965438
0.025183488172000307 0.06187421758965438
0.024585397204397633 0.06608733153831825
0.024391102332495824 0.055438065960200004
0.024391102332495824 0.055438065960200004
0.025180864553281612 0.06607506137974319
0.025180864553281612 0.06607506137974319
0.02502980514842459 0.05249106523400179
0.02502980514842459 0.05249106523400179
0.024516011591890766 0.059509710866248317
0.024516011591890766 0.059509710866248317
0.02466118546654336 0.05297187652501848
0.0240436448096184 0.05683811664364701
0.0240436448096184 0.05683811664364701
0.02305962437245944 0.04587620098329312
0.02305962437245944 0.04587620098329312
0.02216835866988371 0.036220897217314495
0.02216835866988371 0.036220897217314495
0.022522187343035027 0.024346114447741447
0.022522187343035027 0.024346114447741447
0.02369837302768094 0.0489927146413097
0.02350073622393633 0.05159331826735254
0.02350073622393633 0.05159331826735254
0.02421038786778037 0.058080175812401595
0.02421038786778037 0.058080175812401595
0.025518638284510137 0.08719722028161155
0.025518638284510137 0.08719722028161155
0.025359626806853483 0.08056640716283835
0.025359626806853483 0.08056640716283835
0.02474408478668691 0.08673144110016034
0.02474408478668691 0.08673144110016034
0.02374518985756057 0.07734318863072832
0.023467335512383933 0.08357636840552189
0.023467335512383933 0.08357636840552189
0.023578253729525843 0.07980997232191361
0.023578253729525843 0.07980997232191361
0.022542768005336777 0.06850815069487609
0.022542768005336777 0.06850815069487609
0.020778258576827507 0.04196706143391755
0.020778258576827507 0.04196706143391755
0.020133926360725852 0.03746867881984559
0.020133926360725852 0.03746867881984559
0.020025700043471546 0.0144097074062827
0.019231355807340717 0.03610611715244282
0.019231355807340717 0.03610611715244282
0.01715729653949308 0.03973887983949061
0.01715729653949308 0.03973887983949061
0.01612211840969252 0.042932641927510735
0.01612211840969252 0.042932641927510735
0.01662936085064745 0.04765425734787296
0.01662936085064745 0.04765425734787296
0.01662936085064745 0.04765425734787296
0.01662936085064745 0.04765425734787296
0.01647286699027853 0.04977734426693192
0.01647286699027853 0.04977734426693192
0.016255963955579242 0.040155300636281394
0.016919175707843515 0.043915674440082125
0.016919175707843515 0.043915674440082125
0.01652365988856979 0.05397303931326258
0.01652365988856979 0.05397303931326258
0.01621516396579228 0.04347057530474896
0.01621516396579228 0.04347057530474896
0.01644989124359696 0.051755325163170766
0.01644989124359696 0.051755325163170766
0.016255963955579242 0.040155300636281394
0.016508497492954778 0.04368670831223213
0.016508497492954778 0.04368670831223213
0.016428347702340296 0.05442951841345456
0.016428347702340296 0.05442951841345456
0.016190626205797247 0.046921481589704606
0.016190626205797247 0.046921481589704606
0.016302493054856634 0.04746107610663563
0.016302493054856634 0.04746107610663563
0.01612036330974034 0.04360566166159281
0.01612036330974034 0.04360566166159281
0.01612036330974034 0.04360566166159281
0.016359906467341152 0.03990806276027466
0.016359906467341152 0.03990806276027466
0.016896712094664288 0.04446504517004343
0.016896712094664288 0.04446504517004343
0.016525435198563112 0.0398167814781839
0.016525435198563112 0.0398167814781839
0.016759890050026868 0.04804661245417508
0.01712142331929288 0.046514258764966
0.01712142331929288 0.046514258764966
0.01744172050883239 0.04974646253411907
0.01744172050883239 0.04974646253411907
0.017248661738992317 0.03497428066332197
0.017248661738992317 0.03497428066332197
0.01707400598866794 0.045290868432997074
0.01707400598866794 0.045290868432997074
0.017008120888212273 0.04723972763280146
0.01653011543408231 0.03438311584516062
0.01653011543408231 0.03438311584516062
0.016427851424325464 0.040009707640226815
0.016427851424325464 0.040009707640226815
0.017046237576954067 0.04251909419930142
0.017046237576954067 0.04251909419930142
0.016796992467230328 0.030924965633036136
0.016796992467230328 0.030924965633036136
0.016554982819288796 0.038540113460935735
0.016554982819288796 0.038540113460935735
0.01640298239457663 0.041675731343503546
0.016609731175618838 0.03629300010637606
0.016609731175618838 0.03629300010637606
0.016465782747225002 0.03759734245642475
0.016465782747225002 0.03759734245642475
0.01617683042520375 0.04286551347978714
0.01617683042520375 0.04286551347978714
0.016105848569770296 0.028191984261087922
0.016105848569770296 0.028191984261087922
0.01645628955038756 0.040104997901533754
0.01645628955038756 0.040104997901533754
0.01616689681522533 0.04502116458934959
0.01616689681522533 0.04502116458934959
0.015404848435960761 0.031683215358542495
0.015752968114487845 0.03576302895443025
0.015752968114487845 0.03576302895443025
0.015863978053048122 0.03570541474974326
0.015863978053048122 0.03570541474974326
0.015628583820408305 0.041464935725396126
0.015628583820408305 0.041464935725396126
0.015748618809740277 0.03762632375964731
0.015748618809740277 0.03762632375964731
0.01536863347231442 0.029813580669190032
0.01536863347231442 0.029813580669190032
0.014779124296142145 0.04039511679548786
0.01478371105214498 0.03212766733207415
0.01478371105214498 0.03212766733207415
0.014908126587259582 0.029206249609832435
0.014908126587259582 0.029206249609832435
0.015379520528157659 0.040638631585589766
0.015379520528157659 0.040638631585589766
0.015120707626379784 0.03884366357151063
0.015120707626379784 0.03884366357151063
0.015250600873215562 0.03629996783472859
0.015250600873215562 0.03629996783472859
0.015244105691600254 0.04029229334454917
0.01521267746344669 0.040758867774768885
0.01521267746344669 0.040758867774768885
0.013929334159851698 0.03191929928720142
0.013929334159851698 0.03191929928720142
0.014039337497491509 0.04542540335954002
0.014039337497491509 0.04542540335954002
0.013504141100603254 0.06941363556154903
0.013504141100603254 0.06941363556154903
0.010927049812126357 0.08974540393366981
0.009323446177101121 0.10884263084653645
0.009323446177101121 0.10884263084653645
0.007141685565461561 0.13474683732085066
0.007141685565461561 0.13474683732085066
0.005239752931218253 0.18358692885263647
0.005239752931218253 0.18358692885263647
0.005662943357140293 0.22302124990147612
0.005662943357140293 0.22302124990147612
0.006769788308118512 0.2569323377460268
0.007836121188057613 0.26897661987942184
0.007836121188057613 0.26897661987942184
0.007835816324221687 0.2878235071246093
0.007835816324221687 0.2878235071246093
0.008733166079961482 0.3023372814955299
0.008733166079961482 0.3023372814955299
0.00847657826268292 0.32305409936913854
0.00847657826268292 0.32305409936913854
0.008651037682513938 0.35168114097290076
0.011809855928310542 0.3549291865986006
0.011809855928310542 0.3549291865986006
0.01086328865365761 0.3536416061637277
0.01086328865365761 0.3536416061637277
0.010244722669405548 0.348962944335235
0.010244722669405548 0.348962944335235
0.011188856416561043 0.3559839642730472
0.011188856416561043 0.3559839642730472
0.011884070986036182 0.36489620415678037
0.011884070986036182 0.36489620415678037
0.012021508590991771 0.3623634432200656
0.012788676308802588 0.36383333534289813
0.012788676308802588 0.36383333534289813
0.012436623191287681 0.37199982788027575
0.012436623191287681 0.37199982788027575
0.01281192477689581 0.3730247279949361
0.01281192477689581 0.3730247279949361
0.012621415756273622 0.37703932760690484
0.012621415756273622 0.37703932760690484
0.01264968973492367 0.37881449651058696
0.01264968973492367 0.37881449651058696
0.01253350282983664 0.3828375639482097
0.012203140376584012 0.3904326385820068
0.012203140376584012 0.3904326385820068
0.013615053618469418 0.39183372042232834
0.013615053618469418 0.39183372042232834
0.01439366155001857 0.39492416563828375
0.01439366155001857 0.39492416563828375
0.013777609477440835 0.39700157268589037
0.013777609477440835 0.39700157268589037
0.014410313459815574 0.3967885103801432
0.014410313459815574 0.3967885103801432
0.01401537359394297 0.4013635460923069
0.01401537359394297 0.4013635460923069
0.01378898177618982 0.40386790439100256
0.014411724437525851 0.4022101461002607
0.014411724437525851 0.4022101461002607
0.013586643304181379 0.4063779172565431
0.013586643304181379 0.4063779172565431
0.013977425463736235 0.4101904908208558
0.013977425463736235 0.4101904908208558
0.014627732846921471 0.4115787993777719
0.014627732846921471 0.4115787993777719
0.014979360645781018 0.40286933344397663
0.014456076427733491 0.4037404612406017
0.014456076427733491 0.4037404612406017
0.014140990811358738 0.40777554230357915
0.014140990811358738 0.40777554230357915
0.014205076477775276 0.409237899455224
0.014205076477775276 0.409237899455224
0.014727875018989658 0.4056291601913454
0.014727875018989658 0.4056291601913454
0.015075491009991754 0.4005324583763628
0.014964988240356235 0.40388499885360507
0.014964988240356235 0.40388499885360507
0.014674937375115132 0.4017713210387503
0.014674937375115132 0.4017713210387503
0.014372860939962855 0.39893935952529197
0.014372860939962855 0.39893935952529197
0.014105961203838056 0.40336519624669037
0.014105961203838056 0.40336519624669037
0.014049974669396687 0.4022853693881442
0.014299056202002046 0.39867311652557325
0.014299056202002046 0.39867311652557325
0.01435567624639083 0.4003224616932407
0.01435567624639083 0.4003224616932407
0.014126224820189876 0.40015276347599205
0.014126224820189876 0.40015276347599205
0.013979123507995819 0.40231741257829484
0.013979123507995819 0.40231741257829484
0.01419022307348183 0.39617228823840694
0.014182897861805623 0.3993623245759202
0.014182897861805623 0.3993623245759202
0.014254980301549649 0.4005928099956256
0.014254980301549649 0.4005928099956256
0.014559128788662046 0.39895614726607165
0.014559128788662046 0.39895614726607165
0.014600927516598918 0.3971239476756648
0.014600927516598918 0.3971239476756648
0.014515419983008628 0.3980498816816707
0.014515419983008628 0.3980498816816707
0.014807706835572245 0.39696381713329787
0.01448580176049951 0.39720380056280513
0.01448580176049951 0.39720380056280513
0.014497967807457485 0.39687846505133995
0.014497967807457485 0.39687846505133995
0.014711887971218134 0.39834208247352904
0.014711887971218134 0.39834208247352904
0.015179194779228616 0.3987440410636696
0.015179194779228616 0.3987440410636696
0.015459931517821001 0.3931328090887363
0.015459931517821001 0.3931328090887363
0.015434627262388426 0.39391060345876894
0.015434627262388426 0.39391060345876894
0.015211832886384644 0.39365324119893835
0.015104488057600094 0.393663202207647
0.015104488057600094 0.393663202207647
0.015054052357695039 0.3951456288395374
0.015054052357695039 0.3951456288395374
0.015211832886384644 0.39365324119893835
0.015211832886384644 0.39365324119893835
0.015321559841313498 0.39348859393541996
0.015321559841313498 0.39348859393541996
0.015093505692281083 0.3969180523214128
0.015093505692281083 0.3969180523214128
0.015386096384321497 0.392975688498838
0.015203215789736706 0.39624090880642615
0.015203215789736706 0.39624090880642615
0.015160149894603922 0.3977360223726706
0.015160149894603922 0.3977360223726706
0.015375715884839715 0.39626266697098456
0.015375715884839715 0.39626266697098456
0.01566361280962081 0.39518708551030934
0.01566361280962081 0.39518708551030934
0.016054394029111956 0.3934719041943831
0.016425143187457573 0.39212333121302717
0.016425143187457573 0.39212333121302717
0.017455187988522705 0.379761961774902
0.017455187988522705 0.379761961774902
0.018958132374035166 0.3737919098314102
0.018958132374035166 0.3737919098314102
